38.8912011132
85.4313694199
70.8668418281
81.1813994662
86.9374914322
96.0405434826
54.8860699278
63.7008666086
2.07123682534
54.8312157882
89.3382402298
94.6470356789
77.5820694699
95.9184890961
98.4563068603
21.2634784764
67.5306427953
59.5990658859
93.0861880564
38.0488434014
92.7258326894
94.0193354121
3.41521460178
34.0672282277
63.9657315409
78.6249205227
52.3875321103
35.0147352592
59.9595157399
53.7972905917
23.6069184711
54.637895353
33.7941160876
60.8687878449
35.6459467626
28.9125399489
2.00679751414
1.06942898619
16.4646511305
83.7983317981
47.3627712288
76.3820566998
25.038796859
63.8030093411
91.5435252122
38.3282091991
24.9237086434
10.0799667109
39.234044143
91.2159486034
82.8828488996
91.6738784255
58.3382198668
85.9893955896
4.56051478456
95.4499567386
72.7432953728
58.6282081058
13.5061261851
91.9232098694
28.5484322916
43.7982720127
45.3833050119
93.3006002245
95.2340768393
63.4213303613
50.5224237594
74.8930624577
20.0246157175
84.4168771974
80.9349421502
27.8548669377
90.2918150643
25.7084072795
82.388027263
30.541169262
59.5447949883
52.149758741
14.6844965607
75.604841815
64.0869766099
73.5719788787
4.7223897714
11.030483831
93.9445763168
78.4831347736
8.36820053479
61.853303543
15.5948658892
60.5121711084
31.3196813699
15.3071425873
96.6232794755
64.4114263846
39.9675288398
53.9121200302
86.443231282
83.2540917892
74.9242319085
20.2128322253
